squirmer1.x,squirmer1.y,squirmer2.x,squirmer2.y,squirmer1.orientation,squirmer2.orientation,Fl_x_sq1,Fl_y_sq1,Fl_x_sq2,Fl_y_sq2,Dist,Time
-0.13636363636363635,0,0.13636363636363635,0,1.5707963267948966,0,0,0,0,0,0,0
-0.16714865913679428,0.050179031907755266,0.2153302326388058,0.0014007807714365068,1.6200345829861693,0.06136255438064203,-0.00046033552390264645,0.0015468971862868785,-0.00033778342254186264,-0.00046342968681418946,0.3854609563558275,0.05
-0.1695195356917345,0.10017343218919349,0.265132848173073,0.005623610461435313,1.61561636049638,0.09874170686558317,-9.50479157143305e-05,0.00018344943678733362,-6.423712690468483e-05,-8.402305804115881e-05,0.4446964650343736,0.1
-0.1717612743204744,0.15022365856913714,0.314987437206671,0.010574798336975595,1.6155505765489044,0.09899848961500463,0.0,0.0,0.0,0.0,0.5062605667972614,0.15000000000000002
-0.17399376595015345,0.20007369348511414,0.3646431093645787,0.015506757638059735,1.6155505765489044,0.09899848961500463,0.0,0.0,0.0,0.0,0.5692533782045839,0.2
-0.17623073151095411,0.2500236282706622,0.41439829188753236,0.020448600625117993,1.6155505765489044,0.09899848961500463,0.0,0.0,0.0,0.0,0.6335480978524719,0.25
-0.17846769707175478,0.2999735630562103,0.464153474410486,0.02539044361217625,1.6155505765489044,0.09899848961500463,0.0,0.0,0.0,0.0,0.6986950690874013,0.3
-0.18070466263255544,0.3499234978417584,0.5139086569334319,0.030332286599234506,1.6155505765489044,0.09899848961500463,0.0,0.0,0.0,0.0,0.7644764420314138,0.35
-0.1829416281933561,0.3998734326273065,0.5636638394563578,0.035274129586294174,1.6155505765489044,0.09899848961500463,0.0,0.0,0.0,0.0,0.830741527103555,0.39999999999999997
-0.18517859375415677,0.4498233674128546,0.6134190219792837,0.040215972573354165,1.6155505765489044,0.09899848961500463,0.0,0.0,0.0,0.0,0.8973831750523776,0.44999999999999996
-0.18741555931495743,0.4997733021984027,0.6631742045022095,0.045157815560414157,1.6155505765489044,0.09899848961500463,0.0,0.0,0.0,0.0,0.9643233194625276,0.49999999999999994
-0.1896525248757581,0.5497232369839232,0.7129293870251354,0.05009965854747415,1.6155505765489044,0.09899848961500463,0.0,0.0,0.0,0.0,1.0315038485777672,0.5499999999999999
-0.19188949043655876,0.5996731717694436,0.7626845695480613,0.05504150153453414,1.6155505765489044,0.09899848961500463,0.0,0.0,0.0,0.0,1.098880675224412,0.6
-0.19412645599735942,0.6496231065549639,0.8124397520709872,0.05998334452159413,1.6155505765489044,0.09899848961500463,0.0,0.0,0.0,0.0,1.166419783230708,0.65
-0.19636342155816008,0.6995730413404843,0.862194934593913,0.06492518750865242,1.6155505765489044,0.09899848961500463,0.0,0.0,0.0,0.0,1.2340945290461682,0.7000000000000001
