squirmer1.x,squirmer1.y,squirmer2.x,squirmer2.y,squirmer1.orientation,squirmer2.orientation,Fl_x_sq1,Fl_y_sq1,Fl_x_sq2,Fl_y_sq2,Dist,Time
-0.13636363636363635,0,0.13636363636363635,0,1.5707963267948966,3.141592653589793,0,0,0,0,0,0
-0.19395789917914558,0.050714750398451275,0.1369942387059244,-0.001980751043012396,1.9278844812510403,3.1525718646406387,0.012071846907698965,-0.00399542059750277,0.0006114032243446908,0.0011802438626385067,0.3351174823267948,0.05
-0.22950148863871744,0.0914319618078735,0.09353024861637796,-0.002927488548730189,2.45974042865075,3.1009268890990973,0.003844385786475732,-0.0050122366528942185,0.0011777686135362735,0.0027644588047504057,0.33652980040519204,0.1
-0.2724004576511744,0.11750437572805413,0.04412900424134282,0.002236755399613461,2.6753633714143104,2.9739199652706367,0.00036321971559225377,-0.0023793576158564504,0.0006540158374602568,0.002662283044918136,0.3368634387635642,0.15000000000000002
-0.317641063811209,0.1384580695724891,-0.004473890839991763,0.013457840655827936,2.7250338557891993,2.867530674508805,3.5629006239134535e-05,-0.0008514421134236876,0.00022248525203498942,0.001782584163993389,0.3371920209238376,0.2
-0.3634835107030673,0.15839091893603546,-0.05208575254923832,0.028746554755718773,2.7341055530092477,2.803282717958237,4.404562967588493e-06,-0.0003150865496882621,6.285047136105798e-05,0.0010158753792689566,0.3373072116932757,0.25
-0.40940079202350377,0.17816938219208997,-0.09892029909719137,0.04628041065088709,2.734762335429561,2.7686755987431897,6.872155201849196e-07,-0.0001272881311482366,1.6460540539670253e-05,0.0005379699652497191,0.33733192384011423,0.3
-0.4553139265089824,0.19796362873123227,-0.14529954619954252,0.06497778671477673,2.7341429609139833,2.750853561073068,1.2854390860383878e-07,-5.563262044285647e-05,4.167940871513893e-06,0.0002752735990824206,0.3373338877381594,0.35
-0.501214903187768,0.21778844897617408,-0.1914344883027366,0.08426312035499059,2.733601978968291,2.7418577927853587,2.711036032325235e-08,-2.5678336696072377e-05,1.0387345373591055e-06,0.00013855672406865477,0.3373320640312426,0.39999999999999997
-0.547107341918178,0.23763405492398212,-0.23744360184341096,0.10384245191343615,2.7332757324688792,2.7373599975264344,6.137022276813034e-09,-1.2247571781084836e-05,2.5688460882632743e-07,6.918400724285106e-05,0.33733044138961776,0.44999999999999996
-0.5929949230419531,0.25749136058576894,-0.28338917399541885,0.12356809231921977,2.73309959483093,2.735121523812169,1.4442896806561315e-09,-5.9487461291699515e-06,6.328703926665885e-08,3.4408407725819246e-05,0.33732945705541145,0.49999999999999994
-0.6388799408919661,0.2773548117322235,-0.329302967406499,0.14336637798623392,2.733008715566495,2.7340100259770734,3.469329028498862e-10,-2.9173007683031707e-06,1.5561954672084796e-08,1.7079297342597457e-05,0.3373289246403956,0.5499999999999999
-0.6847636497375728,0.2972213945093374,-0.3752009431386201,0.16320069303555335,2.732962790395695,2.7334587516968774,8.422169427067662e-11,-1.437802040226699e-06,3.822947965457824e-09,8.46935588979987e-06,0.3373286498347377,0.6
-0.7306467003250569,0.317089550446689,-0.4210910643517081,0.1830528673121607,2.7329398135023912,2.7331854909693436,2.0556141643346232e-11,-7.104304371886874e-07,9.386935181440341e-10,4.197770757345257e-06,0.3373285109778306,0.65
