squirmer1.x,squirmer1.y,squirmer2.x,squirmer2.y,squirmer1.orientation,squirmer2.orientation,Fl_x_sq1,Fl_y_sq1,Fl_x_sq2,Fl_y_sq2,Dist,Time
-0.13636363636363635,0,0.13636363636363635,0,1.5707963267948966,0,0,0,0,0,0,0
-0.16995152362092583,0.049779983569809824,0.21537174215995006,0.0001536867682223119,1.7609784975381328,-0.0006252992987405817,0.004345786025509108,-0.001489636045718153,0.00019587725362638095,0.0004151116153304952,0.3883758045747449,0.05
-0.18169605483524168,0.09830674698256738,0.265376626262044,-0.00015265164455199951,1.8306813412391971,-0.009255097062252516,0.0,0.0,0.0,0.0,0.45764250273070417,0.1
-0.19457022324338205,0.14672436555059049,0.3154744805739804,-0.0006163253878348432,1.8306813412391971,-0.009255097062252516,0.0,0.0,0.0,0.0,0.5307522353738034,0.15000000000000002
-0.20739299776566159,0.1949487002121544,0.36537234345153785,-0.0010781481381305221,1.8306813412391971,-0.009255097062252516,0.0,0.0,0.0,0.0,0.6052309065255894,0.2
-0.22024146923087154,0.24326967682694792,0.4153702020462848,-0.0015408963849198219,1.8306813412391971,-0.009255097062252516,0.0,0.0,0.0,0.0,0.6809749512338877,0.25
-0.2330899406960815,0.2915906534417534,0.4653680606410317,-0.0020036446317091214,1.8306813412391971,-0.009255097062252516,0.0,0.0,0.0,0.0,0.7575013823280874,0.3
-0.24593841216129145,0.3399116300565608,0.5153659192357701,-0.002466392878498421,1.8306813412391971,-0.009255097062252516,0.0,0.0,0.0,0.0,0.8345950097362628,0.35
-0.25878688362650143,0.38823260667136816,0.5653637778304893,-0.002929141125287721,1.8306813412391971,-0.009255097062252516,0.0,0.0,0.0,0.0,0.9121120229177456,0.39999999999999997
-0.2716353550917114,0.43655358328617555,0.6153616364252085,-0.0033918893720770206,1.8306813412391971,-0.009255097062252516,0.0,0.0,0.0,0.0,0.9899529688082555,0.44999999999999996
-0.28448382655692134,0.48487455990098294,0.6653594950199276,-0.0038546376188663203,1.8306813412391971,-0.009255097062252516,0.0,0.0,0.0,0.0,1.0680470235809856,0.49999999999999994
-0.2973322980221313,0.5331955365157712,0.7153573536146468,-0.00431738586565562,1.8306813412391971,-0.009255097062252516,0.0,0.0,0.0,0.0,1.1463424596231497,0.5499999999999999
-0.31018076948734125,0.5815165131305509,0.765355212209366,-0.00478013411244492,1.8306813412391971,-0.009255097062252516,0.0,0.0,0.0,0.0,1.2248006576240216,0.6
-0.3230292409525512,0.6298374897453305,0.8153530708040851,-0.0052428823592342196,1.8306813412391971,-0.009255097062252516,0.0,0.0,0.0,0.0,1.3033922253582613,0.65
-0.33587771241776115,0.6781584663601101,0.8653509293988043,-0.005705630606023519,1.8306813412391971,-0.009255097062252516,0.0,0.0,0.0,0.0,1.3820944111598266,0.7000000000000001
