squirmer1.x,squirmer1.y,squirmer2.x,squirmer2.y,squirmer1.orientation,squirmer2.orientation,Fl_x_sq1,Fl_y_sq1,Fl_x_sq2,Fl_y_sq2,Dist,Time
-0.13636363636363635,0,0.13636363636363635,0,1.5707963267948966,0,0,0,0,0,0,0
-0.16826348550139417,0.050041601104562114,0.2153632859518837,0.0005888950878079739,1.673063144090511,0.01916662759397217,0.0014093478102815962,-4.906824072577788e-05,3.195763529939043e-05,5.785619958207656e-05,0.3866794601667442,0.05
-0.17412044375331862,0.09969053517469698,0.26535407915359405,0.001609201562367492,1.6961393306140722,0.020721572399482534,0.0,0.0,0.0,0.0,0.4501554245276021,0.1
-0.18038369794036216,0.14939749290687585,0.31544332348020926,0.002647278047029998,1.6961393306140722,0.020721572399482534,0.0,0.0,0.0,0.0,0.5169526379520855,0.15000000000000002
-0.18662194911667898,0.19890601967006752,0.36533261074364437,0.003681210513789659,1.6961393306140722,0.020721572399482534,0.0,0.0,0.0,0.0,0.585324257978255,0.2
-0.19287270179835916,0.24851376191775457,0.41532187653866953,0.004717214989500913,1.6961393306140722,0.020721572399482534,0.0,0.0,0.0,0.0,0.6550978839198224,0.25
-0.19912345448003935,0.2981215041654416,0.4653111423336947,0.005753219465212213,1.6961393306140722,0.020721572399482534,0.0,0.0,0.0,0.0,0.7257728948035761,0.3
-0.20537420716171953,0.34772924641312863,0.5153004081287199,0.006789223940923513,1.6961393306140722,0.020721572399482534,0.0,0.0,0.0,0.0,0.7971095651940175,0.35
-0.2116249598433997,0.3973369886608157,0.5652896739237451,0.007825228416634808,1.6961393306140722,0.020721572399482534,0.0,0.0,0.0,0.0,0.868944952107398,0.39999999999999997
-0.2178757125250799,0.44694473090850273,0.6152789397187702,0.008861232892345675,1.6961393306140722,0.020721572399482534,0.0,0.0,0.0,0.0,0.9411648672995399,0.44999999999999996
-0.22412646520676008,0.4965524731561898,0.6652682055137954,0.009897237368056542,1.6961393306140722,0.020721572399482534,0.0,0.0,0.0,0.0,1.0136871272053782,0.49999999999999994
-0.23037721788844026,0.546160215403851,0.7152574713088206,0.010933241843767408,1.6961393306140722,0.020721572399482534,0.0,0.0,0.0,0.0,1.0864511876111582,0.5499999999999999
-0.23662797057012044,0.5957679576515102,0.7652467371038457,0.011969246319478275,1.6961393306140722,0.020721572399482534,0.0,0.0,0.0,0.0,1.1594115235922027,0.6
-0.24287872325180063,0.6453756998991695,0.8152360028988709,0.013005250795189141,1.6961393306140722,0.020721572399482534,0.0,0.0,0.0,0.0,1.2325332797908473,0.65
-0.2491294759334808,0.6949834421468288,0.865225268693896,0.014041255270900008,1.6961393306140722,0.020721572399482534,0.0,0.0,0.0,0.0,1.305789338799512,0.7000000000000001
